951798,510,15,10
951797,510,13,25
951795,510,12,17
951484,510,11,40
7637,510,10,27
951489,510,9,29
951790,510,8,8
15770,510,7,5
22830,510,6,10
951793,510,5,19
951794,510,4,10
951483,510,3,12
951811,511,12,18
952022,511,11,20
19986,510,1,7
951814,520,15,9
951810,511,13,18
6586,510,2,20
951813,511,14,43
951559,511,16,8
1306,511,15,4
952018,511,10,19
952009,511,9,19
952008,511,8,48
952006,511,7,25
951914,511,6,21
953316,511,5,4
952005,511,4,54
3053,511,3,23
955683,511,2,11
955242,511,1,4
952010,520,14,12
1136,520,12,4
952042,520,11,29
951817,512,8,23
952040,520,13,29
2063,520,9,6
951807,520,10,51
955762,520,8,3
951908,520,7,10
951913,520,6,18
951909,520,5,55
951799,510,14,32
951801,520,4,7
951802,520,3,8
951803,520,2,14
952099,520,1,10
22572,512,6,25
15012,512,7,5
951819,512,14,57
951804,512,9,16
952037,512,11,21
952039,512,10,18
955747,512,12,11
951818,512,13,17
951820,512,1,43
951897,512,2,16
951849,512,3,8
951901,512,5,12
951899,512,4,52
955381,512,15,5
